ID,Country_of_Origin,Aroma,Flavor,Aftertaste,Acidity,Body,Balance,Uniformity,Clean_Cup,Sweetness,Overall,Total_Cup_Points,Moisture_Percentage,Color
0,Colombia,8.58,8.5,8.42,8.58,8.25,8.42,10,10,10,8.58,89.33,11.8,green
1,Taiwan,8.5,8.5,7.92,8,7.92,8.25,10,10,10,8.5,87.58,10.5,blue-green
2,Laos,8.33,8.42,8.08,8.17,7.92,8.17,10,10,10,8.33,87.42,10.4,yellowish
3,Costa Rica,8.08,8.17,8.17,8.25,8.17,8.08,10,10,10,8.25,87.17,11.8,green
4,Colombia,8.33,8.33,8.08,8.25,7.92,7.92,10,10,10,8.25,87.08,11.6,yellow-green
5,Guatemala,8.33,8.33,8.25,7.83,7.83,8.17,10,10,10,8.25,87,10.7,green
6,Taiwan,8.33,8.17,8.08,8,7.83,8.25,10,10,10,8.25,86.92,9.1,green
7,Taiwan,8.25,8.25,8.17,8,7.92,8.08,10,10,10,8.08,86.75,10,yellow green
8,Taiwan,8.08,8.08,8.25,8.08,7.92,8,10,10,10,8.25,86.67,10.8,greenish
9,"Tanzania, United Republic Of",8.08,8.17,8.08,8.17,8,8,10,10,10,8,86.5,11,greenish
10,Ethiopia,8.08,8.25,8,8.08,7.92,7.92,10,10,10,8,86.25,11.8,greenish
11,Guatemala,8.08,8,8,7.75,8.25,8.17,10,10,10,8,86.25,11.5,brownish
12,Taiwan,8.08,8,8.08,8.08,8,8,10,10,10,8,86.25,11.9,green
13,Ethiopia,7.67,8.17,8,8.33,8,8,10,10,10,8,86.17,11.6,yellow- green
14,Colombia,8.08,8,8.08,7.92,8.08,8,10,10,10,8,86.17,10.6,green
15,Taiwan,8.17,8.08,8,7.92,8,7.92,10,10,10,8,86.08,10.2,green
16,Ethiopia,8.17,8.08,7.92,8.17,7.75,7.92,10,10,10,8.08,86.08,11.3,green
17,Taiwan,8,8.17,8,7.92,7.92,7.92,10,10,10,8.17,86.08,10.3,yellow-green
18,Taiwan,8.08,8.17,7.75,7.92,7.83,8,10,10,10,8.17,85.92,11,brownish
19,"Tanzania, United Republic Of",8.17,8,7.92,7.92,8.17,7.75,10,10,10,7.92,85.83,10,greenish
20,Guatemala,8,7.92,8.08,7.92,7.75,8,10,10,10,8.08,85.75,11.6,yellowish
21,Taiwan,8.08,8,7.92,7.92,8,7.83,10,10,10,7.92,85.67,10.4,green
22,Thailand,7.67,8,7.83,8,8.08,8,10,10,10,8.08,85.67,9.8,browish-green
23,Colombia,8.08,8,7.83,8.17,7.75,7.83,10,10,10,8,85.67,11.3,brownish
24,Taiwan,7.83,8,7.92,8,8,7.92,10,10,10,7.92,85.58,10.6,bluish-green
25,Brazil,7.83,8.08,7.83,7.92,8,7.83,10,10,10,8,85.5,11.3,green
26,Taiwan,7.92,7.92,8,7.92,7.83,7.92,10,10,10,8,85.5,9.1,green
27,Taiwan,8.17,8.08,7.92,8,7.58,7.83,10,10,10,7.92,85.5,10.6,green
28,Taiwan,8,8,8,7.92,7.75,7.92,10,10,10,7.92,85.5,10.2,blue-green
29,United States (Hawaii),8,7.92,8,7.83,7.67,8,10,10,10,8,85.42,9.3,green
30,Taiwan,8,8,7.83,7.83,7.75,7.92,10,10,10,8.08,85.42,11.4,bluish-green
31,Taiwan,7.92,8,7.83,7.92,7.83,7.83,10,10,10,8,85.33,10.8,green
32,Taiwan,8.08,8.17,7.67,7.83,7.67,7.92,10,10,10,8,85.33,11.3,green
33,Ethiopia,7.67,7.83,7.83,8,8,8,10,10,10,8,85.33,9.9,green
34,Ethiopia,8,8.08,8,8,7.67,7.75,10,10,10,7.83,85.33,12.3,yellow green
35,Ethiopia,7.92,7.75,7.83,8.17,8,7.75,10,10,10,7.83,85.25,9.4,greenish
36,Taiwan,8,7.92,7.83,7.92,7.83,7.83,10,10,10,7.92,85.25,9.5,bluish-green
37,Taiwan,8.25,8.08,7.83,7.75,7.67,7.75,10,10,10,7.92,85.25,11.3,green
38,Kenya,8.17,7.75,7.83,7.58,7.92,8,10,10,10,8,85.25,9.2,greenish
39,Taiwan,7.75,7.92,7.75,8,7.83,7.92,10,10,10,8,85.17,10.3,bluish-green
40,Taiwan,8,7.92,7.83,7.92,7.75,7.75,10,10,10,7.92,85.08,10,brownish
41,Taiwan,8,8.08,7.67,7.75,7.92,7.83,10,10,10,7.83,85.08,10.5,greenish
42,Taiwan,8,7.92,7.67,8,7.75,7.83,10,10,10,7.92,85.08,10,pale yellow
43,Uganda,8,7.92,7.75,7.75,7.75,7.92,10,10,10,7.92,85,11,green
44,Taiwan,7.92,8,7.92,8,7.58,7.75,10,10,10,7.83,85,10.9,green
45,Taiwan,8.17,8.08,7.83,7.67,7.67,7.75,10,10,10,7.83,85,10.1,yellow green
46,Guatemala,7.67,8.08,7.67,8,7.92,7.83,10,10,10,7.83,85,9.9,green
47,Guatemala,7.67,8,7.75,7.92,8,7.83,10,10,10,7.83,85,11.3,green
48,Guatemala,7.83,7.92,7.75,8,7.75,7.75,10,10,10,7.92,84.92,11.7,green
49,Taiwan,7.92,7.92,7.83,7.83,7.75,7.83,10,10,10,7.83,84.92,9.5,green
50,Taiwan,8,8,7.75,7.75,7.67,7.75,10,10,10,7.92,84.83,9.7,brownish
51,Indonesia,7.83,7.92,7.75,7.83,7.83,7.83,10,10,10,7.83,84.83,11.9,bluish-green
52,Peru,8,8,7.83,7.83,7.58,7.83,10,10,10,7.75,84.83,10.7,greenish
53,"Tanzania, United Republic Of",7.92,7.75,7.75,7.92,7.83,7.83,10,10,10,7.83,84.83,11.2,greenish
54,Taiwan,7.83,7.83,7.67,7.67,7.83,8,10,10,10,8,84.83,9.5,greenish
55,Taiwan,7.67,7.92,7.92,7.83,7.75,7.83,10,10,10,7.83,84.75,10.4,green
56,Brazil,7.83,7.92,7.75,7.92,7.67,7.83,10,10,10,7.83,84.75,11.2,green
57,Panama,7.83,7.83,7.75,7.92,7.83,7.75,10,10,10,7.83,84.75,10.3,bluish-green
58,Taiwan,7.92,8.08,7.67,7.92,7.67,7.75,10,10,10,7.75,84.75,10,blue-green
59,Guatemala,7.67,8,7.67,7.83,7.92,7.67,10,10,10,7.92,84.67,10.6,green
60,Guatemala,7.83,8,7.67,7.83,7.75,7.75,10,10,10,7.83,84.67,10.9,yellow-green
61,Costa Rica,7.58,7.83,7.5,7.67,7.83,7.67,10,10,10,8.58,84.67,10,green
62,Taiwan,7.83,7.83,7.75,7.75,7.75,7.75,10,10,10,7.92,84.58,9.6,greenish
63,Taiwan,8.17,7.83,7.67,7.83,7.67,7.67,10,10,10,7.75,84.58,11.5,green
64,Nicaragua,7.92,7.75,7.67,7.67,7.83,7.75,10,10,10,8,84.58,9.9,green
65,Taiwan,8.08,7.83,7.67,7.67,7.67,7.75,10,10,10,7.92,84.58,11.2,green
66,Taiwan,7.83,8,7.67,7.75,7.67,7.75,10,10,10,7.92,84.58,10.3,green
67,Vietnam,8,7.83,7.75,7.67,7.58,7.83,10,10,10,7.92,84.58,11.6,brownish
68,Costa Rica,7.75,7.83,7.67,7.83,7.75,7.75,10,10,10,7.92,84.5,11.7,green
69,Taiwan,7.75,7.92,7.83,7.75,7.75,7.75,10,10,10,7.75,84.5,11.3,bluish-green
70,Honduras,7.83,7.92,7.75,7.75,7.75,7.75,10,10,10,7.75,84.5,9.8,green
71,Ethiopia,7.92,7.83,7.75,7.92,7.58,7.67,10,10,10,7.83,84.5,10.9,green
72,Taiwan,8.08,7.92,7.75,7.83,7.5,7.58,10,10,10,7.83,84.5,10.2,green
73,Taiwan,7.83,8,7.5,7.75,7.75,7.75,10,10,10,7.83,84.42,10.1,bluish-green
74,Guatemala,7.67,7.83,7.75,7.75,7.83,7.75,10,10,10,7.75,84.33,9.2,green
75,United States (Hawaii),7.92,7.83,7.75,7.92,7.5,7.67,10,10,10,7.75,84.33,10.1,yellow-green
76,Ethiopia,7.83,7.75,7.58,7.92,8,7.5,10,10,10,7.75,84.33,11,yellow green
77,El Salvador,7.83,7.83,7.83,7.83,7.67,7.67,10,10,10,7.67,84.33,10.3,brownish
78,Colombia,7.75,7.75,7.75,7.75,7.83,7.67,10,10,10,7.83,84.33,11.6,green
79,Indonesia,7.67,7.67,7.83,7.83,7.67,7.75,10,10,10,7.83,84.25,11.5,blue-green
80,Guatemala,7.58,7.92,7.67,7.75,7.83,7.75,10,10,10,7.75,84.25,10,green
81,Madagascar,7.92,7.92,7.58,7.75,7.58,7.67,10,10,10,7.83,84.25,12.1,blue-green
82,Honduras,7.75,7.75,7.58,7.83,7.75,7.75,10,10,10,7.75,84.17,10.2,green
83,Guatemala,7.58,7.92,7.58,7.83,7.75,7.67,10,10,10,7.75,84.08,11,green
84,Taiwan,7.83,7.92,7.83,7.58,7.58,7.67,10,10,10,7.67,84.08,10.8,greenish
85,Taiwan,7.92,7.75,7.67,7.75,7.75,8,9.33,10,10,7.92,84.08,10.6,yello-green
86,Guatemala,7.67,7.83,7.67,7.83,7.75,7.67,10,10,10,7.67,84.08,11,green
87,Guatemala,7.67,7.92,7.67,7.75,7.67,7.58,10,10,10,7.75,84,11,green
88,Honduras,7.75,7.75,7.75,7.67,7.75,7.67,10,10,10,7.67,84,9.4,green
89,"Tanzania, United Republic Of",7.58,7.67,7.75,7.75,7.75,7.75,10,10,10,7.75,84,9.8,greenish
90,Ethiopia,8,7.75,7.5,7.67,7.67,7.67,10,10,10,7.75,84,11.3,green
91,"Tanzania, United Republic Of",7.75,7.58,7.58,7.92,7.67,7.75,10,10,10,7.75,84,11.6,greenish
92,Colombia,7.67,7.83,7.58,7.92,7.67,7.67,10,10,10,7.67,84,13.3,green
93,Costa Rica,7.67,7.92,7.58,7.75,7.67,7.58,10,10,10,7.75,83.92,9.5,green
94,Guatemala,7.83,7.83,7.58,7.67,7.67,7.58,10,10,10,7.75,83.92,11.9,greenish
95,Guatemala,7.58,7.83,7.58,7.75,7.67,7.75,10,10,10,7.75,83.92,10,green
96,Thailand,7.75,7.67,7.58,7.75,7.75,7.67,10,10,10,7.75,83.92,11.6,yellowish
97,Colombia,7.67,7.75,7.67,7.75,7.67,7.67,10,10,10,7.67,83.83,11.9,green
98,Guatemala,7.58,7.83,7.67,7.67,7.67,7.67,10,10,10,7.75,83.83,10.8,green
99,Guatemala,7.58,7.92,7.5,7.67,7.75,7.67,10,10,10,7.75,83.83,10.9,greenish
100,Ethiopia,7.83,7.67,7.5,7.92,7.5,7.67,10,10,10,7.75,83.83,12,green
101,Colombia,7.92,7.75,7.42,7.58,7.92,7.67,10,10,10,7.58,83.83,12.1,green
102,United States (Hawaii),7.67,7.92,7.58,7.58,7.58,7.75,10,10,10,7.75,83.83,11.8,green
103,Colombia,7.67,7.92,7.67,7.58,7.67,7.67,10,10,10,7.58,83.75,10.6,greenish
104,Mexico,7.67,7.67,7.58,7.67,7.83,7.58,10,10,10,7.75,83.75,11.7,green
105,Colombia,7.83,7.75,7.5,7.58,7.67,7.67,10,10,10,7.67,83.67,12.4,greenish
106,Taiwan,7.67,7.67,7.75,7.75,7.5,7.67,10,10,10,7.67,83.67,10,bluish-green
107,Myanmar,7.83,7.83,7.67,7.58,7.58,7.58,10,10,10,7.58,83.67,10.2,pale yellow
108,Taiwan,7.58,7.75,7.67,7.83,7.5,7.67,10,10,10,7.67,83.67,9.2,greenish
109,Honduras,7.67,7.67,7.58,7.75,7.67,7.67,10,10,10,7.67,83.67,11.1,pale yellow
110,Taiwan,7.58,7.67,7.5,7.75,7.75,7.67,10,10,10,7.67,83.58,8.4,green
112,Guatemala,7.58,7.83,7.58,7.67,7.58,7.58,10,10,10,7.75,83.58,10.9,green
113,Honduras,7.75,7.67,7.58,7.58,7.58,7.67,10,10,10,7.67,83.5,11.2,green
114,Colombia,7.75,7.75,7.5,7.58,7.83,7.5,10,10,10,7.58,83.5,12.2,bluish-green
115,Thailand,7.42,7.83,7.58,7.67,7.67,7.75,10,10,10,7.58,83.5,13.1,green
116,Ethiopia,7.42,7.42,7.42,8,7.92,7.67,10,10,10,7.67,83.5,10.4,greenish
117,Thailand,7.67,7.67,7.5,7.67,7.58,7.67,10,10,10,7.67,83.42,11.6,green
118,Uganda,7.75,7.75,7.5,7.5,7.58,7.58,10,10,10,7.75,83.42,10.1,green
119,Taiwan,7.75,7.92,7.67,7.92,7.75,7.83,8.67,10,10,7.92,83.42,10.1,blue-green
120,Uganda,7.75,7.67,7.58,7.5,7.67,7.5,10,10,10,7.67,83.33,11.1,green
121,Taiwan,7.58,7.67,7.5,7.75,7.5,7.58,10,10,10,7.75,83.33,9.7,greenish
122,Guatemala,7.5,7.75,7.58,7.75,7.67,7.58,10,10,10,7.5,83.33,11.4,green
123,Taiwan,7.58,7.67,7.58,7.75,7.42,7.58,10,10,10,7.75,83.33,9.6,green
124,Colombia,7.67,7.67,7.42,7.75,7.5,7.75,10,10,10,7.58,83.33,13.5,greenish
125,Costa Rica,7.58,7.75,7.42,7.67,7.5,7.75,10,10,10,7.67,83.33,0,green
126,Taiwan,7.75,7.83,7.58,7.58,7.58,7.5,10,10,10,7.5,83.33,10.7,blue-green
127,Thailand,7.92,7.92,7.75,7.33,7.58,7.5,10,10,10,7.33,83.33,12.3,yellow-green
128,"Tanzania, United Republic Of",7.92,7.67,7.42,7.5,7.67,7.58,10,10,10,7.5,83.25,10.4,greenish
129,Brazil,7.58,7.5,7.5,7.83,7.67,7.5,10,10,10,7.67,83.25,11.6,green
130,Taiwan,7.75,7.75,7.58,7.67,7.42,7.5,10,10,10,7.58,83.25,9.6,green
131,Colombia,7.67,7.67,7.58,7.67,7.58,7.58,10,10,10,7.5,83.25,10.9,brownish
132,Honduras,7.67,7.75,7.67,7.58,7.5,7.58,10,10,10,7.5,83.25,10.5,bluish-green
133,Honduras,7.75,7.58,7.58,7.58,7.5,7.58,10,10,10,7.67,83.25,11.3,green
134,Taiwan,7.75,7.75,7.5,7.75,7.5,7.42,10,10,10,7.5,83.17,9.7,greenish
135,Taiwan,7.67,7.67,7.5,7.58,7.58,7.5,10,10,10,7.67,83.17,11.8,blue-green
136,Laos,7.67,7.75,7.33,7.67,7.58,7.5,10,10,10,7.58,83.08,11.8,brownish
137,Honduras,7.67,7.67,7.5,7.58,7.58,7.5,10,10,10,7.58,83.08,10.6,green
138,Honduras,7.75,7.58,7.58,7.58,7.58,7.5,10,10,10,7.5,83.08,9.6,green
139,Colombia,8,7.67,7.42,7.58,7.58,7.42,10,10,10,7.33,83,13.1,bluish-green
140,Taiwan,7.5,7.67,7.58,7.58,7.5,7.5,10,10,10,7.58,82.92,8.9,blue-green
141,Mexico,7.75,7.5,7.42,7.67,7.58,7.5,10,10,10,7.5,82.92,11.9,green
142,Colombia,7.58,7.5,7.5,7.67,7.58,7.5,10,10,10,7.58,82.92,11.5,greenish
143,Taiwan,7.67,7.5,7.42,7.75,7.42,7.58,10,10,10,7.58,82.92,10.2,yellow-green
144,Honduras,7.67,7.58,7.5,7.5,7.58,7.5,10,10,10,7.5,82.83,10,green
145,Thailand,7.17,7.92,7.58,7.5,7.58,7.67,10,10,10,7.42,82.83,11.8,yellow-green
146,Vietnam,7.58,7.42,7.58,7.5,7.67,7.75,10,10,10,7.33,82.83,13.3,green
147,Nicaragua,7.33,7.58,7.25,7.33,7.75,8.17,10,10,10,7.33,82.75,10.5,green
148,Costa Rica,7.33,7.5,7.25,7.92,7.75,7.58,10,10,10,7.42,82.75,11.8,pale yellow
149,Colombia,7.58,7.67,7.58,7.5,7.33,7.5,10,10,10,7.5,82.67,11.8,green
150,Thailand,7.33,7.58,7.58,7.5,7.67,7.67,10,10,10,7.33,82.67,13,greenish
151,Thailand,7.5,7.58,7.5,7.42,7.5,7.58,10,10,10,7.58,82.67,11.2,yellow green
152,Honduras,7.67,7.58,7.33,7.5,7.58,7.5,10,10,10,7.5,82.67,9.6,green
153,Taiwan,7.67,7.67,7.42,7.42,7.42,7.5,10,10,10,7.5,82.58,9.8,green
154,Taiwan,7.67,7.58,7.42,7.42,7.5,7.5,10,10,10,7.5,82.58,8.4,blue-green
155,Nicaragua,7.5,7.58,7.42,7.58,7.5,7.58,10,10,10,7.42,82.58,10.1,green
156,El Salvador,7.67,7.33,7.17,7.67,7.83,7.5,10,10,10,7.33,82.5,11.3,green
157,Panama,7.75,7.67,7.17,7.67,7.42,7.42,10,10,10,7.42,82.5,10,green
158,Brazil,7.5,7.58,7.5,7.5,7.67,7.42,10,10,10,7.33,82.5,11.8,bluish-green
159,United States (Hawaii),7.33,7.58,7.5,7.5,7.5,7.58,10,10,10,7.5,82.5,11.7,blue-green
160,Mexico,7.67,7.42,7.5,7.5,7.67,7.42,10,10,10,7.33,82.5,10.7,pale yellow
161,Honduras,7.58,7.58,7.33,7.5,7.58,7.42,10,10,10,7.5,82.5,10.6,green
162,Taiwan,7.42,7.42,7.58,7.42,7.58,7.5,10,10,10,7.58,82.5,8.4,green
163,Nicaragua,7.58,7.58,7.42,7.42,7.5,7.5,10,10,10,7.42,82.42,11.4,bluish-green
164,Vietnam,7.5,7.5,7.33,7.5,7.5,7.42,10,10,10,7.58,82.33,10.5,bluish-green
165,El Salvador,7.5,7.5,7.42,7.42,7.42,7.67,10,10,10,7.42,82.33,12,green
166,El Salvador,7.33,7.67,7.25,7.67,7.83,7.42,10,10,10,7.17,82.33,11.8,bluish-green
167,Taiwan,7.67,7.58,7.42,7.5,7.33,7.42,10,10,10,7.42,82.33,10.8,green
168,Peru,7.67,7.5,7.33,7.58,7.33,7.42,10,10,10,7.42,82.25,11.7,greenish
169,United States (Hawaii),7.75,7.42,7.33,7.5,7.33,7.5,10,10,10,7.33,82.17,10.6,green
170,Kenya,7.5,7.5,7.42,7.5,7.25,7.5,10,10,10,7.5,82.17,11.2,green
171,Honduras,7.67,7.5,7.25,7.5,7.5,7.33,10,10,10,7.42,82.17,10.6,green
172,Taiwan,7.5,7.67,7.33,7.5,7.25,7.33,10,10,10,7.5,82.08,9.7,bluish-green
173,Taiwan,7.33,7.42,7.42,7.5,7.42,7.5,10,10,10,7.5,82.08,8.1,greenish
174,Taiwan,7.5,7.58,7.42,7.42,7.25,7.42,10,10,10,7.42,82,8.2,green
175,Thailand,7.17,7.5,7.42,7.42,7.58,7.5,10,10,10,7.42,82,9.8,green
176,Costa Rica,7.42,7.42,7.42,7.33,7.58,7.33,10,10,10,7.5,82,10.5,green
177,Guatemala,7.42,7.42,7.42,7.33,7.5,7.42,10,10,10,7.5,82,11.5,blue-green
178,Indonesia,7.67,7.33,7.25,7.67,7.42,7.25,10,10,10,7.42,82,12.5,bluish-green
179,Peru,7.5,7.5,7.33,7.5,7.33,7.33,10,10,10,7.42,81.92,11.6,greenish
180,Guatemala,7.33,7.42,7.33,7.42,7.58,7.42,10,10,10,7.42,81.92,10.3,greenish
181,Taiwan,7.25,7.42,7.42,7.5,7.42,7.42,10,10,10,7.42,81.83,11.3,green
182,Vietnam,7.5,7.5,7.25,7.42,7.42,7.42,10,10,10,7.33,81.83,11.2,green
183,Brazil,7.5,7.5,7.42,7.33,7.33,7.33,10,10,10,7.42,81.83,11.3,pale yellow
184,Brazil,7.42,7.5,7.58,7.33,7.33,7.25,10,10,10,7.33,81.75,11.1,yellow-green
185,Colombia,7.33,7.5,7.33,7.42,7.42,7.42,10,10,10,7.33,81.75,11.2,yellow-green
186,Mexico,7.58,7.42,7.25,7.25,7.5,7.33,10,10,10,7.33,81.67,11.8,green
187,Costa Rica,7.33,7.42,7.25,7.42,7.42,7.33,10,10,10,7.42,81.58,9.7,green
188,Taiwan,7.42,7.5,7.33,7.33,7.33,7.33,10,10,10,7.33,81.58,9,yellow-green
189,Taiwan,7.33,7.5,7.42,7.33,7.33,7.25,10,10,10,7.33,81.5,8.5,green
190,Thailand,7.33,7.42,7.25,7.33,7.5,7.42,10,10,10,7.17,81.42,11.6,green
191,Thailand,7.42,7.25,7.33,7.42,7.33,7.33,10,10,10,7.25,81.33,10.5,yellowish
192,Thailand,7.25,7.25,7.42,7.25,7.42,7.42,10,10,10,7.17,81.17,10.4,green
193,Colombia,7.42,7.25,7.25,7.42,7.17,7.33,10,10,10,7.33,81.17,11.4,greenish
194,Brazil,7.42,7.42,7.25,7.25,7.17,7.25,10,10,10,7.25,81,10.6,greenish
195,El Salvador,7.42,7.33,7.33,7.5,7.08,7,10,10,10,7.17,80.83,10.5,bluish-green
196,Nicaragua,7.25,7.25,7.17,7.33,7.08,7.25,10,10,10,7.17,80.5,11.5,greenish
197,Nicaragua,7.42,7.17,7,7.08,7.42,7.17,10,10,10,7.17,80.42,11.2,green
198,Colombia,7.25,7.25,7.17,7.33,7,7.17,10,10,10,7.25,80.42,11,greenish
199,Peru,7.5,7.25,7.17,7.17,7.17,7.08,10,10,10,7,80.33,11.8,greenish
200,El Salvador,7.08,7.25,7.08,7.42,7.42,7.08,10,10,10,7,80.33,11.5,bluish-green
201,Brazil,7.25,7.17,7.17,7.08,7.17,7.17,10,10,10,7.17,80.17,11.6,greenish
202,Brazil,7.17,7.17,6.92,7.17,7.42,7.17,10,10,10,7.08,80.08,11.4,green
203,Nicaragua,7.33,7.08,6.75,7.17,7.42,7.17,10,10,10,7.08,80,10.4,green
204,Laos,7.25,7.17,7.08,7,7.08,7.08,10,10,10,7,79.67,11.6,green
205,El Salvador,6.5,6.75,6.75,7.17,7.08,7,10,10,10,6.83,78.08,11,bluish-green
206,Brazil,7.25,7.08,6.67,6.83,6.83,6.67,10,10,10,6.67,78,11.3,green
